
 

A1 = [1,                                                 0,                                                 0,  0;
0, 0,                                                 1,  0;
0,                                                -1, 0, d1;
0,                                                 0,                                                 0,  1]
 
A2 = [1,                                                 0,                                                 0,  0;
0, 0,                                                -1,  0;
0,                                                 1, 0, d2;
0,                                                 0,                                                 0,  1]
 
 A3 = [1, 0, 0,  0;
0, 1, 0,  0;
0, 0, 1, d3;
0, 0, 0,  1]

T= A1*A2*A3

